##FastQC	0.10.1
>>Basic Statistics	pass
#Measure	Value	
Filename	Trimmed_Partial_SRR2467142.fastq	
File type	Conventional base calls	
Encoding	Sanger / Illumina 1.9	
Total Sequences	5000	
Filtered Sequences	0	
Sequence length	89	
%GC	41	
>>END_MODULE
>>Per base sequence quality	pass
#Base	Mean	Median	Lower Quartile	Upper Quartile	10th Percentile	90th Percentile
1	36.9476	39.0	37.0	39.0	32.0	39.0
2	39.138	40.0	39.0	41.0	36.0	41.0
3	39.164	41.0	39.0	41.0	36.0	41.0
4	39.2168	41.0	39.0	41.0	36.0	41.0
5	39.0294	40.0	38.0	41.0	36.0	41.0
6	38.9024	40.0	38.0	41.0	35.0	41.0
7	39.2732	41.0	39.0	41.0	36.0	41.0
8	39.3052	41.0	39.0	41.0	36.0	41.0
9	39.0114	40.0	39.0	41.0	35.0	41.0
10-14	39.27328	40.8	39.0	41.0	36.0	41.0
15-19	38.68928	40.0	38.2	41.0	34.0	41.0
20-24	38.80572	40.0	38.0	41.0	34.8	41.0
25-29	38.54752	40.0	38.0	41.0	34.0	41.0
30-34	38.3706	40.0	38.0	41.0	33.8	41.0
35-39	38.554759999999995	40.0	38.0	41.0	34.4	41.0
40-44	38.144079999999995	40.0	37.6	41.0	33.2	41.0
45-49	37.76424	39.6	37.0	41.0	33.0	41.0
50-54	36.9962	38.6	35.6	40.6	31.8	41.0
55-59	35.92768	37.2	35.0	39.4	30.6	41.0
60-64	34.26796	35.2	33.2	37.8	29.4	39.0
65-69	33.59776000000001	34.8	33.2	36.0	29.0	38.4
70-74	32.85412	35.0	33.2	35.6	27.2	36.8
75-79	32.55856	35.0	33.0	35.0	27.6	36.0
80-84	32.1548	35.0	33.0	35.0	26.8	35.4
85-89	30.72884	34.2	31.2	34.8	21.0	35.0
>>END_MODULE
>>Per sequence quality scores	pass
#Quality	Count
6	3.0
7	2.0
8	0.0
9	3.0
10	1.0
11	1.0
12	2.0
13	3.0
14	3.0
15	3.0
16	5.0
17	8.0
18	11.0
19	7.0
20	8.0
21	11.0
22	11.0
23	17.0
24	22.0
25	32.0
26	31.0
27	34.0
28	47.0
29	58.0
30	83.0
31	103.0
32	128.0
33	165.0
34	198.0
35	328.0
36	499.0
37	1041.0
38	1581.0
39	543.0
40	8.0
>>END_MODULE
>>Per base sequence content	warn
#Base	G	A	T	C
1	20.28	26.46	32.379999999999995	20.880000000000003
2	20.14	28.52	32.4	18.94
3	19.38	27.72	32.18	20.72
4	20.36	26.919999999999998	30.959999999999997	21.759999999999998
5	21.22	28.84	29.98	19.96
6	19.72	28.34	30.8	21.14
7	19.919999999999998	29.220000000000002	29.98	20.880000000000003
8	20.86	28.860000000000003	30.680000000000003	19.6
9	19.82	28.38	31.2	20.599999999999998
10-14	20.720828833153327	28.033121324852996	31.009240369614783	20.236809472378894
15-19	20.284	27.724	31.432	20.560000000000002
20-24	20.396815872634903	28.1171246849874	30.845233809352372	20.64082563302532
25-29	20.68	27.927999999999997	30.732	20.66
30-34	20.46963757100568	28.02624209936795	30.72645811664933	20.777662212977038
35-39	19.991999999999997	28.476000000000003	30.768	20.764
40-44	20.22	27.951999999999998	30.764000000000003	21.064
45-49	20.291999999999998	27.92	30.652	21.136
50-54	20.656	27.572000000000003	31.363999999999997	20.408
55-59	20.580000000000002	28.444000000000003	30.568	20.408
60-64	20.668	27.900000000000002	30.2	21.232
65-69	20.624000000000002	27.988000000000003	30.768	20.62
70-74	20.735999999999997	28.323999999999998	30.508000000000003	20.432
75-79	20.072000000000003	28.232000000000003	30.428	21.268
80-84	20.524	27.904	30.412	21.16
85-89	21.676000000000002	27.951999999999998	29.9	20.472
>>END_MODULE
>>Per base GC content	pass
#Base	%GC
1	41.160000000000004
2	39.08
3	40.1
4	42.120000000000005
5	41.18
6	40.86
7	40.8
8	40.46
9	40.42
10-14	40.95763830553222
15-19	40.844
20-24	41.037641505660226
25-29	41.339999999999996
30-34	41.24729978398272
35-39	40.756
40-44	41.284
45-49	41.428
50-54	41.064
55-59	40.988
60-64	41.9
65-69	41.244
70-74	41.168
75-79	41.339999999999996
80-84	41.684
85-89	42.148
>>END_MODULE
>>Per sequence GC content	pass
#GC Content	Count
0	0.0
1	0.0
2	0.0
3	0.0
4	0.0
5	0.0
6	0.0
7	0.0
8	0.0
9	0.0
10	0.0
11	0.0
12	0.0
13	0.0
14	0.0
15	0.0
16	0.5
17	2.5
18	4.0
19	2.0
20	1.5
21	4.0
22	6.0
23	7.0
24	9.0
25	15.0
26	27.0
27	35.0
28	40.0
29	51.0
30	70.0
31	95.5
32	122.0
33	139.0
34	157.5
35	203.0
36	233.0
37	250.5
38	289.0
39	318.0
40	344.5
41	376.0
42	374.0
43	356.5
44	332.5
45	311.0
46	299.0
47	284.5
48	247.0
49	184.0
50	123.5
51	81.5
52	59.0
53	43.0
54	31.5
55	23.0
56	23.5
57	15.5
58	7.5
59	5.0
60	1.0
61	0.0
62	0.0
63	0.5
64	1.0
65	0.5
66	0.0
67	0.0
68	0.0
69	0.0
70	0.0
71	0.0
72	0.0
73	0.0
74	0.0
75	0.0
76	0.0
77	0.0
78	0.0
79	0.0
80	0.0
81	0.0
82	0.0
83	0.0
84	0.0
85	0.0
86	0.0
87	0.0
88	0.0
89	0.0
90	0.0
91	0.0
92	0.0
93	0.0
94	0.0
95	0.0
96	0.0
97	0.0
98	0.0
99	0.0
100	0.0
>>END_MODULE
>>Per base N content	pass
#Base	N-Count
1	0.0
2	0.0
3	0.0
4	0.0
5	0.0
6	0.0
7	0.0
8	0.0
9	0.0
10-14	0.004
15-19	0.0
20-24	0.004
25-29	0.0
30-34	0.008
35-39	0.0
40-44	0.0
45-49	0.0
50-54	0.0
55-59	0.0
60-64	0.0
65-69	0.0
70-74	0.0
75-79	0.0
80-84	0.0
85-89	0.0
>>END_MODULE
>>Sequence Length Distribution	pass
#Length	Count
89	5000.0
>>END_MODULE
>>Sequence Duplication Levels	pass
#Total Duplicate Percentage	5.04
#Duplication Level	Relative count
1	100.0
2	2.0850884582982308
3	0.37910699241786017
4	0.0
5	0.0
6	0.0
7	0.0
8	0.0
9	0.0
10++	0.0
>>END_MODULE
>>Overrepresented sequences	pass
>>END_MODULE
>>Kmer Content	warn
#Sequence	Count	Obs/Exp Overall	Obs/Exp Max	Max Obs/Exp Position
CACCA	975	3.230861	8.449944	1
CTTGG	1115	3.1582577	6.019101	2
TCTTG	1630	3.0910783	5.6416917	9
AGCAG	890	3.0566266	8.7577505	4
TCTTC	1575	2.933821	5.5416617	3
TGGAG	915	2.90538	5.397974	2
GCAGC	620	2.8371685	9.724166	8
CAGCA	815	2.749417	5.73498	5
ACCAG	805	2.7156813	5.734979	2
CTTCA	1300	2.666467	6.1021075	4
ACCAA	1060	2.6362	6.341802	3
CACCG	580	2.6070666	7.6414022	4
CTTGA	1245	2.59975	7.9871836	4
TGGCA	805	2.5107787	5.302265	3
CAACA	1005	2.499416	6.341802	1
AACCA	990	2.4621115	5.2848353	4
GGAAG	675	2.3600729	5.0523043	70-74
TCAGC	755	2.3130772	6.510316	5
CTGGG	500	2.1154025	5.3942766	5
CAGCG	460	2.1049962	5.8345003	2
GCACC	455	2.0451987	5.7310514	3
GAGCA	555	1.9060982	8.75775	85
GATGG	585	1.8575382	5.3979745	8
ACCGT	605	1.8535254	5.208253	4
GAAAC	705	1.7849703	6.4562755	4
GTCTT	935	1.7731032	5.6416917	3
CTGGC	425	1.7662109	7.064844	2
CTTCC	645	1.7627622	5.80755	3
CAACC	530	1.7562627	5.6332955	3
AAGCA	680	1.7216735	5.3802295	6
TACCG	550	1.6850231	5.208253	3
AAAGA	870	1.6531794	5.653114	85
CCAGT	530	1.6237495	6.510316	3
GGAAA	625	1.610984	6.5728145	3
CAGCT	520	1.593113	5.2082534	6
ACCAT	705	1.5922887	5.7593417	9
GGCAG	335	1.5606574	7.9197545	7
TGGGA	485	1.5400103	5.3979745	5
TTGTC	810	1.5360575	5.641692	1
GCGGC	245	1.5207927	5.2762194	3
GACAG	440	1.5111412	5.8385	9
GGTAG	475	1.5082574	5.397974	6
GCAGA	430	1.4767969	5.8384995	9
CCATC	490	1.4745853	7.673862	5
GTGGT	505	1.4562416	6.1277494	1
GGAGC	310	1.4441905	5.939816	3
CAGAG	420	1.4424529	5.8385	7
GGCAC	310	1.4185842	5.8344994	6
CAGTC	450	1.3786554	5.2082534	4
GGAGG	290	1.3754034	6.0470324	5
CCGGT	325	1.3506318	5.2986326	8
CCGTC	315	1.2858634	5.204685	5
CGGCA	280	1.281302	5.8345003	6
TGATG	600	1.275507	5.4209046	7
GTACC	410	1.2561083	5.2082534	9
CGGCC	195	1.1889653	5.1826696	2
AGAGA	450	1.1599085	5.4773455	8
GCGGA	240	1.1180829	5.939816	3
CCTGG	265	1.1012844	5.2986326	2
TCGGA	340	1.060453	5.302265	85
GCGTC	250	1.0389476	5.298633	4
CCGAC	225	1.0113618	5.731051	3
GGCGT	235	0.99423915	7.1923685	6
GCCCA	200	0.8989885	5.7310514	4
GCGTA	285	0.8889092	5.302265	7
GGGAC	190	0.88514906	5.939816	6
GAGAG	235	0.82165515	5.943888	5
AAGCG	230	0.7899147	5.8385	2
CCACT	255	0.7673862	5.115908	9
GGTGC	180	0.7615449	5.3942766	2
CGGCG	115	0.71384144	5.2762194	9
CACAC	215	0.71244615	5.6332955	85
ACGGC	155	0.7092921	5.8344994	6
CAGGG	140	0.65221506	5.939816	8
GGCCC	105	0.6402121	7.7740045	3
AGGTC	200	0.6237959	5.302265	5
TCAGG	195	0.608201	5.302265	7
AGCGC	125	0.57200974	5.8344994	3
CGCCC	90	0.5390235	5.090778	6
GGCTC	125	0.5194738	5.298633	7
GTGCG	120	0.5076966	5.3942766	1
GCGCG	50	0.31036586	5.2762194	8
>>END_MODULE
