##FastQC	0.10.1
>>Basic Statistics	pass
#Measure	Value	
Filename	Trimmed_Partial_SRR2467141.fastq	
File type	Conventional base calls	
Encoding	Sanger / Illumina 1.9	
Total Sequences	4847	
Filtered Sequences	0	
Sequence length	60-91	
%GC	41	
>>END_MODULE
>>Per base sequence quality	pass
#Base	Mean	Median	Lower Quartile	Upper Quartile	10th Percentile	90th Percentile
1	38.00020631318341	39.0	38.0	39.0	35.0	39.0
2	37.96100680833505	39.0	38.0	39.0	35.0	39.0
3	37.28037961625748	39.0	37.0	39.0	33.0	39.0
4	39.433463998349495	41.0	39.0	41.0	37.0	41.0
5	39.47905921188364	41.0	39.0	41.0	37.0	41.0
6	39.49845265112441	41.0	39.0	41.0	37.0	41.0
7	39.35279554363524	41.0	39.0	41.0	36.0	41.0
8	39.139467711986796	41.0	39.0	41.0	36.0	41.0
9	39.47699608004952	41.0	39.0	41.0	37.0	41.0
10-14	39.52758407262224	41.0	39.0	41.0	36.8	41.0
15-19	39.16014029296472	40.4	38.6	41.0	35.8	41.0
20-24	39.206932122962655	40.2	38.8	41.0	36.0	41.0
25-29	39.1093047245719	40.0	38.8	41.0	35.8	41.0
30-34	38.79983494945327	40.0	38.0	41.0	34.6	41.0
35-39	38.98225706622652	40.0	38.4	41.0	35.2	41.0
40-44	38.79822570662266	40.0	38.0	41.0	34.8	41.0
45-49	38.27134309882401	40.0	37.0	41.0	33.8	41.0
50-54	37.94685372395296	39.2	36.6	41.0	33.6	41.0
55-59	36.87456158448525	38.0	35.2	39.8	31.8	41.0
60-64	36.14331816161482	36.6	35.0	39.0	31.6	40.6
65-69	34.01607463381984	34.4	32.8	36.4	29.4	38.6
70-74	34.34647314335623	35.0	34.0	36.0	30.4	37.6
75-79	33.81646511863611	35.0	33.8	35.0	30.0	36.4
80-84	33.67249789609841	35.0	34.0	35.0	30.4	36.0
85-89	33.7426823245557	35.0	34.0	35.0	31.0	35.2
90-91	32.274429032408534	33.5	31.5	34.5	27.5	35.0
>>END_MODULE
>>Per sequence quality scores	pass
#Quality	Count
26	7.0
27	7.0
28	21.0
29	43.0
30	71.0
31	100.0
32	112.0
33	161.0
34	217.0
35	301.0
36	528.0
37	1032.0
38	1662.0
39	569.0
40	16.0
>>END_MODULE
>>Per base sequence content	warn
#Base	G	A	T	C
1	23.705384774087065	29.33773468124613	25.85104188157623	21.10583866309057
2	20.87889416133691	25.582834743140086	29.193315452857437	24.344955642665568
3	19.104600783990097	28.553744584278935	32.122962657313806	20.218691974417165
4	19.12523210233134	28.28553744584279	32.76253352589231	19.826696925933568
5	19.66164637920363	27.315865483804412	31.50402310707654	21.51846502991541
6	21.147101299773055	28.141118217454096	30.03919950484836	20.67258097792449
7	21.229626573138024	28.801320404373836	30.967608830204252	19.001444192283888
8	20.59005570455952	26.469981431813494	31.46276047039406	21.47720239323293
9	20.940788116360633	28.141118217454096	30.26614400660202	20.651949659583245
10-14	19.588990219948005	28.55197458011802	30.800973878595308	21.05806132133867
15-19	20.226944501753664	27.992572725397153	30.963482566535998	20.817000206313182
20-24	20.08665153703322	27.988446461728905	31.27295234165463	20.651949659583245
25-29	20.192307692307693	28.251898316275998	30.89716077913503	20.65863321228128
30-34	20.916030534351147	27.90179492469569	30.73241180111409	20.449762739839077
35-39	20.229448662925055	29.064872895345	29.981016837240016	20.72466160448993
40-44	20.478646585516813	27.943057561378172	30.901588611512278	20.676707241592737
45-49	20.528161749535794	28.5166082112647	30.315659170621	20.639570868578502
50-54	20.222818238085413	28.23189601815556	30.513719826696928	21.0315659170621
55-59	19.66577264287188	28.84670930472457	30.645760264080874	20.841757788322674
60-64	20.258923770525705	28.684286718782314	30.392521818257023	20.664267692434958
65-69	20.55297999415278	28.020715866850438	30.49325481351543	20.933049325481353
70-74	20.06322444678609	28.678609062170707	30.389884088514226	20.86828240252898
75-79	20.40302267002519	28.407975067241598	30.64082312257183	20.54817914016138
80-84	20.43993961613112	28.587448781539788	29.946085831356477	21.02652577097261
85-89	20.4390779363337	28.390779363336993	30.665203073545555	20.504939626783756
90-91	21.193791371832916	29.182834969185116	29.422506277105683	20.200867381876282
>>END_MODULE
>>Per base GC content	pass
#Base	%GC
1	44.81122343717763
2	45.22384980400248
3	39.32329275840726
4	38.95192902826491
5	41.18011140911904
6	41.819682277697545
7	40.23107076542191
8	42.06725809779245
9	41.59273777594388
10-14	40.64705154128668
15-19	41.043944708066846
20-24	40.738601196616465
25-29	40.850940904588974
30-34	41.365793274190224
35-39	40.95411026741499
40-44	41.15535382710955
45-49	41.1677326181143
50-54	41.25438415514752
55-59	40.50753043119455
60-64	40.923191462960666
65-69	41.486029319634135
70-74	40.93150684931507
75-79	40.95120181018657
80-84	41.46646538710373
85-89	40.944017563117455
90-91	41.3946587537092
>>END_MODULE
>>Per sequence GC content	warn
#GC Content	Count
0	0.0
1	0.0
2	0.0
3	0.0
4	0.0
5	0.0
6	0.0
7	0.0
8	0.0
9	0.0
10	0.0
11	0.0
12	0.0
13	0.5
14	1.0
15	0.5
16	1.5
17	4.0
18	4.0
19	4.5
20	3.5
21	6.0
22	11.0
23	9.0
24	10.0
25	17.0
26	21.5
27	27.0
28	38.5
29	55.0
30	68.0
31	83.0
32	123.0
33	154.5
34	172.5
35	189.0
36	209.0
37	243.0
38	276.5
39	311.0
40	344.0
41	344.5
42	342.5
43	353.5
44	350.5
45	327.5
46	293.5
47	255.0
48	212.0
49	161.0
50	113.0
51	91.5
52	69.5
53	51.0
54	34.0
55	17.5
56	12.0
57	9.0
58	7.0
59	4.5
60	2.5
61	2.0
62	2.0
63	1.5
64	0.0
65	0.0
66	0.0
67	0.0
68	0.0
69	0.0
70	0.0
71	0.0
72	0.0
73	0.0
74	0.0
75	0.0
76	0.0
77	0.0
78	0.0
79	0.0
80	0.0
81	0.0
82	0.0
83	0.0
84	0.0
85	0.0
86	0.0
87	0.0
88	0.0
89	0.0
90	0.0
91	0.0
92	0.0
93	0.0
94	0.0
95	0.0
96	0.0
97	0.0
98	0.0
99	0.0
100	0.0
>>END_MODULE
>>Per base N content	pass
#Base	N-Count
1	0.0
2	0.0
3	0.0
4	0.0
5	0.0
6	0.0
7	0.0
8	0.0
9	0.0
10-14	0.008252527336496802
15-19	0.0
20-24	0.0
25-29	0.012378791004745204
30-34	0.0
35-39	0.012378791004745204
40-44	0.0
45-49	0.0
50-54	0.0
55-59	0.0
60-64	0.0
65-69	0.0
70-74	0.0
75-79	0.0
80-84	0.0
85-89	0.0
90-91	0.0
>>END_MODULE
>>Sequence Length Distribution	warn
#Length	Count
60	3.0
61	8.0
62	9.0
63	4.0
64	16.0
65	12.0
66	7.0
67	7.0
68	9.0
69	6.0
70	4.0
71	14.0
72	17.0
73	13.0
74	22.0
75	2.0
76	6.0
77	10.0
78	11.0
79	6.0
80	13.0
81	9.0
82	13.0
83	15.0
84	13.0
85	14.0
86	17.0
87	31.0
88	46.0
89	33.0
90	152.0
91	4305.0
>>END_MODULE
>>Sequence Duplication Levels	pass
#Total Duplicate Percentage	5.013410356921807
#Duplication Level	Relative count
1	100.0
2	2.193744569939183
3	0.23892267593397046
4	0.043440486533449174
5	0.0
6	0.0
7	0.0
8	0.0
9	0.0
10++	0.0
>>END_MODULE
>>Overrepresented sequences	pass
>>END_MODULE
>>Kmer Content	warn
#Sequence	Count	Obs/Exp Overall	Obs/Exp Max	Max Obs/Exp Position
GCAGC	720	3.3974457	8.107355	1
AGCAG	885	3.1022549	7.528412	8
CACCA	935	3.0824869	9.912583	3
TCTTC	1605	3.0767195	6.587218	1
CTTGG	980	2.9176486	5.155282	80-84
CTTCT	1460	2.7987604	5.763816	2
CAGCA	805	2.7365775	5.840782	6
ACCAG	800	2.7195804	5.8407826	4
CTTCA	1295	2.6936817	7.147689	2
TTGGA	1155	2.5544832	5.6999555	3
TCTTG	1275	2.5202599	5.094312	3
GTTGG	775	2.3791997	6.593232	6
CACCG	515	2.356704	9.82804	5
CAGCC	495	2.2651813	5.8968234	3
CCACC	505	2.241129	7.6249075	1
GGCAA	630	2.2083845	6.022729	6
GCTTC	760	2.1943111	6.200887	1
GATGG	655	2.1818964	5.7233725	9
CAGCG	460	2.1705902	6.080516	4
CCAAC	650	2.142905	7.0804157	8
AACCA	870	2.1307034	6.311814	6
CCAGC	460	2.105017	5.8968234	1
GCACC	460	2.105017	7.8624315	2
CTTGT	1050	2.075508	5.094312	3
TTGGC	690	2.0542629	6.394051	7
GAAGA	775	2.0181339	5.592647	5
GGAAG	540	1.9518667	6.263819	85-87
TGGTG	635	1.9494085	5.2745852	8
AATGG	790	1.8958838	5.1541114	3
GGTGG	410	1.8957663	5.9582863	7
ACCAC	570	1.8791631	7.0804167	3
TCTGG	625	1.8607453	5.1152406	4
ACCTT	875	1.8200551	5.3607664	7
CAACC	550	1.8132275	5.664333	2
ACCGG	380	1.7930963	6.080516	4
GACAA	710	1.7930168	5.423694	2
GCAAT	735	1.710605	5.9980874	2
TGGGT	550	1.6884643	6.593232	3
GACGG	340	1.6543264	6.2699304	8
CTGGC	380	1.6524943	5.603725	8
GCTGG	365	1.6367093	7.704383	1
AAACC	660	1.6163956	5.2598443	5
GGCTT	530	1.5779119	7.6728606	7
CAGTG	470	1.5183377	5.5504694	9
GGTAG	450	1.4990128	5.7233725	5
ATGGC	460	1.4860327	5.5504694	9
GACCA	430	1.4617743	7.3009777	7
GGTCA	440	1.4214226	6.9380865	7
TGGCC	320	1.3915741	9.339541	8
GAAAC	525	1.3258222	5.423694	4
AACCC	390	1.2857431	5.664333	7
ATGGG	380	1.265833	5.7233725	4
ACAGC	370	1.257806	5.8407826	3
CAGGG	235	1.1434314	6.2699304	2
AGGTG	335	1.1159317	5.7233725	2
CCGGC	175	1.1115882	8.185143	9
GGTGT	360	1.1051767	5.2745857	3
AGCGT	340	1.0983719	5.550469	9
ACGGT	340	1.0983719	5.550469	9
GGGTC	240	1.0761925	5.778287	6
GCCCA	235	1.0753891	7.8624325	5
AGGAT	440	1.0559354	5.154112	8
CCCAT	325	0.98743683	5.2201753	6
AATGT	615	0.979914	5.4752254	7
TGCAG	290	0.9368467	5.5504694	1
CGGTG	195	0.87440634	5.778287	3
GGCCT	200	0.86973387	7.471633	9
GGGTG	175	0.8091686	7.944382	4
GTCGT	270	0.8038419	5.1152406	4
GGCCC	125	0.79399157	5.4567623	3
AAGCG	225	0.78870875	6.022729	8
CGCCA	165	0.7550605	5.8968244	8
CGTGC	165	0.7175304	5.603725	6
GACTG	205	0.6622537	5.5504694	6
GGCCG	90	0.5894822	5.626746	9
CCCTG	135	0.56933504	5.4344373	1
CGGGG	75	0.5065376	5.8020253	5
>>END_MODULE
